#Name		 MCS_u1		 MCS_u1_err		 MCS_u2		 MCS_u2_err
WASP-61b	0.28673273357844653	0.00510040254702618	0.21023681682618162	0.0059790238300153065
WASP-130b	0.3742087781568124	0.00401929584664948	0.19687706999032642	0.004421857034630495
HATS-13b	0.37897755566278113	0.003198045422675479	0.19284768437175231	0.0037263019127887595
WASP-156b	0.491389693683442	0.0011283732547540904	0.12971908174609686	0.0013289416144523771
NGTS-4b	0.4142435987010483	0.014079909546886605	0.1778134214035855	0.015078690641502902
WASP-190b	0.25891301818092066	0.019221623735102826	0.23517034000725917	0.021681094564727128
WASP-44b	0.38137943736578406	0.006539298282589279	0.2003313567907823	0.007861443552381678
TOI-892b	0.29404306840120814	0.0058805859157326544	0.21889700194871548	0.006767164366984164
WASP-82b	0.2710176900273463	0.003570248659883607	0.21569569807610744	0.004265095211238233
