#Name		c1			c2			c3			c4
WASP-61b		 0.42878176		 0.44384455		-0.30231077		 0.05768514
WASP-130b		 0.70525944		-0.48612737		 0.92664669		-0.42328464
HATS-13b		 0.62564931		-0.30923634		 0.75201091		-0.36998255
WASP-156b		 0.71076100		-0.61099038		 1.11827522		-0.47336328
NGTS-4b		 0.57194020		-0.23790113		 0.73022497		-0.36970155
WASP-190b		 0.40464731		 0.62210297		-0.60298376		 0.19448212
WASP-44b		 0.62564931		-0.30923634		 0.75201091		-0.36998255
TOI-892b		 0.52502075		 0.20134155		-0.01326180		-0.05841730
WASP-82b		 0.43631606		 0.55763086		-0.53598998		 0.16891553
TOI-540b		 0.73034577		 0.13262120		-0.11597795		 0.01821667
WASP-22b		 0.47293064		 0.26036025		-0.02491914		-0.06148239
TOI-905b		 0.64868058		-0.35179144		 0.78661731		-0.37744493
HAT-P-42b		 0.65416964		-0.27404144		 0.64257773		-0.32175472
WASP-62b		 0.44936262		 0.38639756		-0.22042343		 0.02034523
HATS-3b		 0.35793726		 0.65258456		-0.55140385		 0.15722019
LTT9779b		 0.70525944		-0.48612737		 0.92664669		-0.42328464
K2-260b		 0.40353681		 0.55750892		-0.46621676		 0.13012771
TrES-3b		 0.49342840		 0.11430822		 0.22225793		-0.17053683
Qatar-10b		 0.50198832		 0.17330116		 0.09001137		-0.10995555
WASP-144b		 0.70423692		-0.54742078		 1.02998136		-0.45515813
HD221416b		 0.69254894		-0.55447644		 1.05892760		-0.46584302
WASP-182b		 0.65416964		-0.27404144		 0.64257773		-0.32175472
HAT-P-5b		 0.57342781		-0.00788330		 0.29538592		-0.18734263
WASP-15b		 0.38124460		 0.56041470		-0.42462311		 0.10174187
WASP-73b		 0.51661856		 0.18688003		 0.03906254		-0.08163055
HD1397b		 0.71421297		-0.49746905		 0.93294405		-0.42733260
K2-115b		 0.52955242		 0.02953289		 0.30724793		-0.19848766
WASP-161b		 0.46698721		 0.48731598		-0.45594844		 0.13657861
HATS-24b		 0.38124460		 0.56041470		-0.42462311		 0.10174187
WASP-79b		 0.40464731		 0.62210297		-0.60298376		 0.19448212
XO-3b		 0.32737046		 0.79127919		-0.77005253		 0.25384011
KELT-8b		 0.65416964		-0.27404144		 0.64257773		-0.32175472
HATS-42b		 0.55476283		 0.08089836		 0.16720875		-0.13233985
HAT-P-36b		 0.67859422		-0.42565568		 0.86528332		-0.40387692
KELT-1b		 0.43631606		 0.55763086		-0.53598998		 0.16891553
WASP-16b		 0.56833819		-0.09195236		 0.46123864		-0.26063925
WASP-99b		 0.52502075		 0.20134155		-0.01326180		-0.05841730
HD2685b		 0.39096207		 0.71157870		-0.76232793		 0.26698783
WASP-121b		 0.43631606		 0.55763086		-0.53598998		 0.16891553
HAT-P-50b		 0.35793726		 0.65258456		-0.55140385		 0.15722019
TOI-954b		 0.61985595		-0.18659404		 0.54288203		-0.28442209
HATS-27b		 0.43631606		 0.55763086		-0.53598998		 0.16891553
WASP-93b		 0.44996224		 0.60061548		-0.65668909		 0.22848151
HATS-41b		 0.54853646		 0.31183916		-0.24920207		 0.04988076
HATS-29b		 0.63168924		-0.24062138		 0.61714806		-0.31397888
HATS-60b		 0.65416964		-0.27404144		 0.64257773		-0.32175472
HAT-P-2b		 0.46698721		 0.48731598		-0.45594844		 0.13657861
WASP-97b		 0.63168924		-0.24062138		 0.61714806		-0.31397888
HATS-45b		 0.41936217		 0.53387053		-0.46492637		 0.13119584
WASP-166b		 0.57342781		-0.00788330		 0.29538592		-0.18734263
HATS-63b		 0.59588873		-0.14558737		 0.50889904		-0.27400803
HAT-P-31b		 0.54044385		 0.07395441		 0.20201750		-0.15180955
TOI-1728b		 0.65622380		-0.30596538		 0.67831687		-0.26088911
L168-9b		 0.73326414		-0.36298766		 0.64271491		-0.23814879
HATS-46b		 0.58484467		-0.18970242		 0.61143949		-0.31718466
TOI-481b		 0.65416964		-0.27404144		 0.64257773		-0.32175472
LP714-47b		 0.79378830		-0.85813900		 1.32872304		-0.47612140
XO-7b		 0.59060682		 0.09561286		 0.08937982		-0.09703818
HATS-69b		 0.72356610		-0.58519226		 1.06450272		-0.46432317
TOI-824b		 0.70547699		-0.67183980		 1.20326242		-0.47933724
HATS-14b		 0.72356610		-0.58519226		 1.06450272		-0.46432317
HAT-P-69b		 0.40916877		 0.75775742		-0.94742597		 0.36382307
HATS-7b		 0.71076100		-0.61099038		 1.11827522		-0.47336328
WASP-6b		 0.56028151		-0.14276609		 0.57280542		-0.30843007
WASP-66b		 0.31047541		 0.79639111		-0.74837528		 0.23645456
WASP-25b		 0.52955242		 0.02953289		 0.30724793		-0.19848766
WASP-43b		 0.72732714		-0.71354268		 1.23294968		-0.48254328
GJ1252b		 0.70281033		 0.30877329		-0.36783242		 0.11740957
KELT-12b		 0.50205642		 0.32134910		-0.19389327		 0.02174355
TOI-122b		 0.70138665		 0.33877090		-0.42810084		 0.14251962
HATS-57b		 0.70525944		-0.48612737		 0.92664669		-0.42328464
HATS-4b		 0.75816200		-0.61259831		 1.06332001		-0.46986104
HD332231b		 0.50198832		 0.17330116		 0.09001137		-0.10995555
CoRoT-19b		 0.47415411		 0.28497873		-0.06082837		-0.04716320
HATS-17b		 0.66400943		-0.32382458		 0.71134151		-0.34831687
HATS-71b		 0.72431177		 0.22457836		-0.26029858		 0.07773391
WASP-5b		 0.59588873		-0.14558737		 0.50889904		-0.27400803
HATS-32b		 0.66400943		-0.32382458		 0.71134151		-0.34831687
KELT-11b		 0.66696714		-0.34469735		 0.74904830		-0.35989717
CoRoT-13b		 0.50198832		 0.17330116		 0.09001137		-0.10995555
HATS-5b		 0.70423692		-0.54742078		 1.02998136		-0.45515813
NGTS-1b		 0.62689944		 0.01804588		 0.18359235		-0.07020734
WASP-153b		 0.58821898		-0.00910979		 0.27671662		-0.17604996
HATS-16b		 0.50495839		 0.12461973		 0.18151212		-0.14715232
CoRoT-18b		 0.58484467		-0.18970242		 0.61143949		-0.31718466
WASP-135b		 0.56833819		-0.09195236		 0.46123864		-0.26063925
HATS-39b		 0.40464731		 0.62210297		-0.60298376		 0.19448212
HATS-70b		 0.48564880		 0.30499248		-0.29553397		 0.08584068
WASP-4b		 0.58484467		-0.18970242		 0.61143949		-0.31718466
TOI-837b		 0.47293064		 0.26036025		-0.02491914		-0.06148239
HATS-33b		 0.66400943		-0.32382458		 0.71134151		-0.34831687
CoRoT-12b		 0.63168924		-0.24062138		 0.61714806		-0.31397888
HATS-55b		 0.49344819		 0.28137372		-0.10936812		-0.01975618
WASP-159b		 0.55476283		 0.08089836		 0.16720875		-0.13233985
TOI-169b		 0.57342781		-0.00788330		 0.29538592		-0.18734263
WASP-150b		 0.50205642		 0.32134910		-0.19389327		 0.02174355
WASP-119b		 0.59588873		-0.14558737		 0.50889904		-0.27400803
WASP-48b		 0.44869747		 0.36479323		-0.17323705		 0.00287659
HATS-6b		 0.69781904		-0.13285253		 0.35578142		-0.15604072
HAT-P-21b		 0.62564931		-0.30923634		 0.75201091		-0.36998255
WASP-7b		 0.40464731		 0.62210297		-0.60298376		 0.19448212
WASP-136b		 0.35793726		 0.65258456		-0.55140385		 0.15722019
HD219666b		 0.62564931		-0.30923634		 0.75201091		-0.36998255
LHS3844b		 0.70138665		 0.33877090		-0.42810084		 0.14251962
WASP-42b		 0.72356610		-0.58519226		 1.06450272		-0.46432317
WASP-113b		 0.51661856		 0.18688003		 0.03906254		-0.08163055
KELT-7b		 0.39812092		 0.64294792		-0.64864491		 0.21405739
WASP-141b		 0.60560575		-0.09341599		 0.39803218		-0.22756794
KPS-1b		 0.70423692		-0.54742078		 1.02998136		-0.45515813
HATS-47b		 0.70547699		-0.67183980		 1.20326242		-0.47933724
LHS1815b		 0.71512036		 0.37048333		-0.55088620		 0.20609106
WASP-95b		 0.59588873		-0.14558737		 0.50889904		-0.27400803
TOI-132b		 0.67859422		-0.42565568		 0.86528332		-0.40387692
K2-237b		 0.50198832		 0.17330116		 0.09001137		-0.10995555
XO-6b		 0.35800389		 0.77950384		-0.82812527		 0.29067337
WASP-35b		 0.47293064		 0.26036025		-0.02491914		-0.06148239
HATS-68b		 0.50205642		 0.32134910		-0.19389327		 0.02174355
HAT-P-55b		 0.56833819		-0.09195236		 0.46123864		-0.26063925
KELT-24b		 0.46698721		 0.48731598		-0.45594844		 0.13657861
WASP-124b		 0.50198832		 0.17330116		 0.09001137		-0.10995555
HATS-28b		 0.62564931		-0.30923634		 0.75201091		-0.36998255
WASP-142b		 0.58821898		-0.00910979		 0.27671662		-0.17604996
WASP-13b		 0.47415411		 0.28497873		-0.06082837		-0.04716320
HAT-P-70b		 0.58486435		-0.09007527		 0.14653153		-0.07499878
WASP-50b		 0.64868058		-0.35179144		 0.78661731		-0.37744493
HAT-P-9b		 0.49344819		 0.28137372		-0.10936812		-0.01975618
WASP-19b		 0.64868058		-0.35179144		 0.78661731		-0.37744493
HATS-44b		 0.72971144		-0.64799434		 1.14924689		-0.47978576
WASP-96b		 0.64868058		-0.35179144		 0.78661731		-0.37744493
WASP-101b		 0.48823622		 0.37020229		-0.27793170		 0.05680325
HATS-22b		 0.69209217		-0.62463791		 1.15694269		-0.47820828
WASP-167b		 0.45286022		 0.64035290		-0.75950550		 0.27906507
TOI-157b		 0.67859422		-0.42565568		 0.86528332		-0.40387692
WASP-17b		 0.32737046		 0.79127919		-0.77005253		 0.25384011
TOI-677b		 0.44936262		 0.38639756		-0.22042343		 0.02034523
WASP-169b		 0.51661856		 0.18688003		 0.03906254		-0.08163055
KELT-20b		 0.55533169		-0.07777967		 0.14177432		-0.07725961
WASP-120b		 0.37396539		 0.68636782		-0.66912403		 0.21938159
WASP-71b		 0.51661856		 0.18688003		 0.03906254		-0.08163055
HAT-P-18b		 0.70886632		-0.65031336		 1.17181128		-0.47843850
HAT-P-12b		 0.63443082		-0.51230031		 1.07526330		-0.46897686
XO-1b		 0.56833819		-0.09195236		 0.46123864		-0.26063925
TOI-251b		 0.52955242		 0.02953289		 0.30724793		-0.19848766
HATS-26b		 0.47415411		 0.28497873		-0.06082837		-0.04716320
HATS-40b		 0.40464731		 0.62210297		-0.60298376		 0.19448212
CoRoTID223977153b		 0.50198832		 0.17330116		 0.09001137		-0.10995555
WASP-92b		 0.44936262		 0.38639756		-0.22042343		 0.02034523
WASP-105b		 0.75478737		-0.68747064		 1.17570503		-0.48762685
TOI-237b		 0.70138665		 0.33877090		-0.42810084		 0.14251962
HAT-P-34b		 0.46698721		 0.48731598		-0.45594844		 0.13657861
WASP-72b		 0.40353681		 0.55750892		-0.46621676		 0.13012771
HATS-66b		 0.39096207		 0.71157870		-0.76232793		 0.26698783
HATS-25b		 0.56833819		-0.09195236		 0.46123864		-0.26063925
TOI-1235b		 0.68121604		 0.10873995		-0.01651837		-0.02146622
WASP-31b		 0.52502075		 0.20134155		-0.01326180		-0.05841730
WASP-78b		 0.36549759		 0.57175543		-0.39610075		 0.08413164
HATS-43b		 0.67798393		-0.55507023		 1.07952681		-0.46971005
WASP-91b		 0.71076100		-0.61099038		 1.11827522		-0.47336328
WASP-106b		 0.44869747		 0.36479323		-0.17323705		 0.00287659
WASP-132b		 0.72782114		-0.68414729		 1.19611777		-0.48158951
WASP-63b		 0.65160621		-0.34660018		 0.77191924		-0.37186754
HAT-P-43b		 0.63168924		-0.24062138		 0.61714806		-0.31397888
K2-261b		 0.71421297		-0.49746905		 0.93294405		-0.42733260
HATS-2b		 0.68057207		-0.49379205		 0.97803067		-0.44048242
WASP-117b		 0.47293064		 0.26036025		-0.02491914		-0.06148239
HAT-P-66b		 0.47415411		 0.28497873		-0.06082837		-0.04716320
WASP-46b		 0.51992267		-0.02435004		 0.43740403		-0.25988238
Qatar-1b		 0.71076100		-0.61099038		 1.11827522		-0.47336328
HATS-34b		 0.67859422		-0.42565568		 0.86528332		-0.40387692
WASP-138b		 0.40353681		 0.55750892		-0.46621676		 0.13012771
WASP-29b		 0.70886632		-0.65031336		 1.17181128		-0.47843850
WASP-131b		 0.40603679		 0.45831060		-0.26172375		 0.03181840
WASP-83b		 0.70525944		-0.48612737		 0.92664669		-0.42328464
HATS-18b		 0.70525944		-0.48612737		 0.92664669		-0.42328464
HATS-51b		 0.54303087		 0.00966754		 0.32628226		-0.20622602
KELT-14b		 0.65416964		-0.27404144		 0.64257773		-0.32175472
